65
39
15
15
39
48
96
69
29
55
95
35
49
43
33
87
57
63
32
63
28
50
02
93
50
78
80
99
86
10
72
65
35
35
98
84
87
61
96
60
45
75
82
67
90
74
39
43
56
67
15
47
17
05
96
56
65
88
16
78
35
48
85
63
42
11
11
36
22
60
91
53
22
51
46
02
51
43
95
98
08
18
48
90
97
02
74
08
89
74
81
30
26
62
47
81
06
89
18
50
27
47
27
31
89
12
62
40
36
66
33
01
53
65
24
61
58
80
44
43
27
33
93
43
20
67
20
28
10
16
02
17
49
81
87
35
41
69
58
90
13
41
56
31
26
62
01
25
88
84
43
83
90
63
46
92
07
73
28
74
49
84
72
86
80
26
77
82
43
13
76
35
05
62
59
21
46
65
38
43
15
94
54
23
86
04
84
06
99
04
14
34
59
94
44
91
43
23
92
10
51
95
93
31
76
07
51
41
58
41
77
12
10
52
98
67
65
68
94
38
98
77
45
87
13
14
75
99
96
46
40
89
04
24
29
09
57
36
77
93
25
25
37
99
10
87
40
98
02
57
69
53
72
14
23
48
25
29
17
40
41
73
26
22
26
80
53
30
12
59
54
44
56
10
48
28
91
94
91
89
29
19
52
14
35
40
06
17
96
31
09
47
19
14
08
81
54
53
77
57
21
70
82
21
57
12
76
50
12
86
38
96
85
23
31
49
27
59
41
38
50
73
62
05
78
34
52
22
48
98
06
23
46
13
96
05
70
32
54
08
47
61
69
27
78
26
07
52
25
27
11
40
88
65
42
01
54
99
67
89
75
61
72
41
15
46
40
17
74
77
75
23
70
45
86
85
32
29
58
53
95
37
87
41
61
51
52
03
88
41
09
95
07
40
47
93
47
24
27
14
57
70
66
95
23
54
40
82
91
61
74
97
94
14
39
75
21
69
35
94
14
69
97
77
40
44
56
71
73
97
50
86
59
36
35
98
33
81
50
46
71
50
41
32
64
97
47
68
31
64
08
66
14
71
17
97
38
30
22
03
21
80
87
67
27
54
09
13
42
15
04
29
22
01
18
47
54
11
65
03
94
44
35
36
36
90
19
50
76
35
51
28
35
89
11
42
84
59
47
23
82
41
69
96
17
72
84
17
57
29
23
97
34
15
79
48
61
44
30
97
65
46
92
38
65
74
69
11
23
15
51
14
52
98
41
64
09
56
36
09
10
41
70
40
75
29
90
28
07
54
08
46
79
97
47
46
23
44
36
29
23
60
48
35
09
96
15
93
11
38
99
42
89
90
98
14
16
50
48
77
43
83
60
45
96
68
74
58
64
84
80
95
47
34
56
05
48
05
97
73
02
64
81
30
14
82
76
61
14
70
37
02
65
34
90
28
63
93
72
65
49
86
93
51
54
43
04
24
68
97
13
02
57
22
22
48
22
09
87
62
71
10
57
26
64
28
47
93
84
08
02
36
21
43
55
63
83
27
37
91
79
29
13
21
62
74
38
51
76
86
69
93
18
71
86
06
73
09
20
33
96
82
26
49
18
76
68
29
79
49
62
46
20
99
92
03
56
38
15
33
86
85
82
10
42
28
57
97
84
48
85
84
66
64
41
30
59
09
70
93
73
59
81
88
76
49
38
48
85
94
16
21
31
85
82
99
66
55
49
24
98
24
59
98
94
34
45
28
37
79
27
12
48
64
18
75
05
67
02
58
70
86
39
80
55
74
39
14
58
86
22
28
95
05
97
16
52
92
34
20
61
74
89
94
94
26
76
07
10
02
55
47
57
77
04
26
31
27
55
27
45
83
93
64
41
27
44
97
10
61
76
44
28
96
48
14
74
61
91
37
35
62
81
85
83
87
02
35
49
83
69
04
16
60
27
27
11
25
24
04
17
86
50
48
26
69
24
37
64
28
48
30
57
02
48
88
16
46
19
74
57
02
68
99
95
25
08
51
86
02
60
47
82
11
77
68
72
78
34
41
83
33
28
75
98
27
40
28
07
21
28
07
02
29
30
70
13
41
16
10
44
81
13
84
26
13
36
19
28
07
18
41
34
32
46
82
82
85
59
23
86
43
25
45
93
17
42
63
65
34
02
44
84
69
75
47
32
25
97
89
70
94
75
08
39
90
97
50
22
67
35
25
27
85
89
93
71
43
18
54
93
45
82
94
66
86
03
72
05
05
95
75
58
85
29
23
69
80
64
68
02
04
65
65
48
51
60
28
19
99
09
31
03
07
18
50
85
09
42
40
69
33
49
30
01
13
89
24
59
50
62
38
86
58
74
98
26
34
64
86
50
83
61
34
30
24
02
99
54
06
86
65
97
76
54
72
24
28
25
46
55
62
95
88
92
68
39
99
20
80
66
62
51
58
38
29
40
49
77
95
64
96
32
08
03
27
27
87
40
54
69
78
52
94
01
98
28
78
77
63
19
07
94
76
92
33
22
40
14
65
61
79
93
68
22
81
55
64
86
48
68
13
35
92
22
16
89
61
01
18
62
52
60
13
75
09
68
97
14
50
02
47
58
41
99
82
07
50
35
77
44
68
75
72
71
72
53
57
66
46
33
25
43
41
18
76
88
47
37
31
59
62
07
44
73
08
41
94
12
57
63
62
51
29
80
23
55
51
56
86
75
17
16
61
18
90
06
59
89
56
99
23
53
28
37
70
15
45
46
95
51
01
98
09
30
80
42
43
20
11
86
61
91
59
55
53
14
95
06
31
78
43
08
79
24
31
13
63
30
72
55
84
04
18
45
57
63
66
38
57
92
19
73
40
73
36
63
30
38
14
52
10
35
21
40
04
50
89
88
22
92
51
82
76
72
85
30
90
42
08
18
89
84
82
26
47
65
25
37
94
93
63
91
88
96
51
88
40
72
64
63
68
24
58
45
16
96
83
48
93
26
08
40
78
80
32
52
80
10
34
56
26
84
54
79
45
89
27
39
12
25
72
30
59
82
45
41
90
76
37
99
03
34
65
76
86
67
36
85
07
64
78
74
85
88
15
20
89
24
92
58
98
71
77
97
67
02
22
21
45
89
92
71
32
23
25
95
24
37
57
55
19
47
81
90
50
33
92
04
96
11
89
91
39
17
23
48
60
89
48
28
44
58
70
64
08
32
90
69
64
57
50
59
75
40
20
67
90
98
94
33
31
11
57
63
87
70
61
66
06
58
37
73
96
77
40
19
04
30
25
88
23
78
29
61
18
90
20
95
13
04
57
59
84
91
18
73
30
23
37
51
22
71
71
62
68
48
34
44
82
35
30
22
66
16
19
76
92
88
17
35
13
36
45
46
11
70
71
11
66
38
81
71
23
56
55
52
74
52
56
54
45
16
04
25
15
92
48
81
76
93
89
88
34
31
94
06
18
93
81
09
13
79
33
69
24
12
92
37
43
68
23
14
65
20
17
30
47
27
67
02
84
17
71
73
33
54
60
71
15
65
73
98
96
74
85
89
58
75
25
36
25
40
37
50
55
31
62
60
65
03
22
64
03
10
38
99
65
75
70
04
69
07
24
83
31
10
85
37
42
02
16
64
41
81
10
90
01
80
05
89
83
41
88
62
34
87
37
71
29
98
26
14
35
87
92
89
35
33
03
38
88
44
21
53
83
57
03
92
40
17
75
34
53
37
17
13
34
41
84
32
54
55
12
28
74
70
70
45
89
23
78
78
25
62
92
24
62
34
53
45
90
18
70
40
45
81
22
96
40
38
35
58
98
24
44
06
78
57
88
44
41
21
90
54
46
59
86
18
36
07
16
50
29
89
34
27
09
13
49
15
36
71
35
25
46
12
48
95
26
71
31
58
48
45
94
68
11
42
40
88
63
38
60
35
71
18
34
99
03
08
70
58
33
43
55
23
42
29
59
44
32
92
66
05
86
88
70
35
71
53
82
98
21
17
23
60
53
80
62
21
02
78
96
41
16
60
85
21
94
57
04
71
58
05
99
03
03
09
60
07
15
84
18
22
08
28
67
73
72
90
70
43
06
42
91
35
22
07
50
37
76
68
84
67
15
92
29
06
19
26
93
25
54
87
16
04
62
04
55
95
52
21
94
59
81
30
26
82
39
28
72
06
24
05
75
38
79
86
46
70
89
84
27
90
37
68
38
65
54
41
86
98
82
09
60
90
76
72
71
26
17
81
35
12
78
42
11
26
42
57
43
89
61
59
70
74
47
87
76
86
19
03
15
72
36
77
89
37
80
33
42
73
15
87
25
94
14
77
25
66
25
03
71
23
24
71
96
04
55
98
36
89
97
46
69
85
91
62
92
38
84
57
40
25
47
19
49
97
77
06
49
87
32
40
33
52
05
52
71
86
20
93
84
25
71
33
23
63
06
72
96
56
30
16
67
79
05
98
30
41
92
85
44
43
68
53
28
28
98
08
16
58
96
93
32
31
92
89
70
51
64
09
02
43
73
97
86
87
52
87
62
55
09
51
24
10
77
11
93
05
27
24
85
81
29
26
24
28
03
79
74
52
71
23
72
64
57
98
47
43
94
73
99
26
47
92
92
97
42
94
05
29
24
37
78
63
10
53
28
86
15
32
27
29
73
97
82
18
08
29
78
65
17
89
32
17
22
44
23
32
24
70
61
62
92
41
71
52
59
12
29
60
67
70
27
26
99
50
59
90
61
61
41
56
75
75
34
68
59
51
66
56
55
50
02
73
96
09
98
39
53
27
04
31
05
14
26
03
06
97
07
61
73
61
21
30
44
83
66
21
31
80
65
09
42
86
69
56
32
32
01
19
95
38
01
30
40
83
46
33
50
55
30
10
24
30
40
21
54
56
09
68
47
21
22
46
36
78
75
76
75
87
19
82
16
89
48
04
64
97
71
98
16
84
60
43
33
64
74
13
72
02
43
03
42
67
08
16
71
18
51
16
21
74
80
70
66
47
14
34
45
04
51
14
89
85
90
67
68
28
12
81
88
82
77
12
12
77
08
29
45
62
21
65
89
87
71
05
33
07
07
66
61
59
21
88
77
07
44
41
34
88
47
45
30
15
69
78
61
93
28
37
69
26
44
12
35
19
75
98
93
37
65
17
68
34
17
57
62
06
40
15
25
65
53
76
61
69
03
40
82
11
29
35
95
49
84
61
45
30
71
50
45
67
15
12
28
23
22
18
37
52
73
69
83
47
37
54
75
85
06
06
44
62
08
38
24
46
17
52
56
65
32
39
26
73
84
93
72
01
79
34
24
61
25
21
94
76
68
10
98
25
22
46
44
48
28
92
43
02
17
78
89
67
74
33
25
26
59
36
10
41
82
81
84
04
91
61
62
41
86
95
85
58
31
63
56
28
88
08
93
26
51
49
24
40
67
73
83
26
99
55
20
09
13
04
32
34
74
95
32
40
80
15
60
49
62
84
11
50
22
91
07
64
20
73
20
66
63
15
28
41
81
92
10
86
82
68
85
16
62
29
53
12
74
69
13
29
94
67
35
66
95
30
15
75
15
30
58
03
54
52
49
03
23
17
57
37
41
80
17
54
50
52
74
51
73
49
55
62
89
07
13
70
99
76
78
88
67
47
99
65
01
26
55
12
80
27
16
21
88
66
70
73
95
87
21
03
46
06
10
03
23
60
22
16
14
29
79
58
06
49
98
75
37
65
74
05
75
67
89
28
39
48
03
17
55
01
40
42
14
50
29
24
91
12
33
57
29
27
07
03
09
17
96
71
57
44
29
45
25
51
75
35
41
53
01
45
31
97
85
81
27
61
50
34
80
16
04
72
78
13
94
48
65
52
49
94
62
50
32
26
79
46
94
55
87
99
82
38
80
58
09
04
78
28
12
20
42
90
68
85
60
67
47
49
60
44
43
21
41
24
13
97
29
05
82
94
50
97
78
94
80
06
44
30
54
69
67
06
12
22
18
15
10
37
66
78
34
34
58
68
57
62
90
46
23
16
63
22
07
23
43
95
84
29
39
85
77
12
86
54
72
36
78
56
02
92
07
41
71
03
37
05
70
48
11
43
61
30
84
32
38
32
85
96
39
47
44
36
44
24
99
95
36
99
65
92
35
14
43
86
62
22
72
14
90
40
60
65
15
52
66
43
30
51
34
70
75
76
76
32
60
02
93
12
71
31
63
58
29
81
63
55
63
80
65
68
96
55
93
75
31
51
78
17
97
51
41
26
41
02
40
71
84
11
39
35
24
78
12
26
75
68
70
95
68
90
28
06
90
76
87
10
90
33
41
94
23
13
53
12
79
38
58
16
65
56
05
05
46
64
22
91
58
55
33
25
02
05
54
15
66
42
75
37
68
86
02
86
60
34
56
15
31
25
23
52
69
02
85
57
15
58
37
90
57
24
60
62
34
22
08
86
88
63
60
69
61
93
29
99
53
83
09
06
83
19
26
08
66
15
28
19
01
65
47
53
40
52
63
02
24
38
19
40
65
07
61
93
41
15
11
93
35
72
78
57
78
89
72
30
46
99
13
60
43
10
12
93
44
50
38
60
15
96
87
29
09
78
75
77
30
13
76
96
40
51
99
89
18
41
75
89
92
55
23
96
87
06
34
72
83
15
96
75
18
91
78
81
56
80
58
56
54
79
26
96
14
69
73
62
43
21
74
22
23
92
66
59
17
39
24
09
90
86
33
57
96
31
09
40
28
85
20
22
55
43
94
28
59
10
19
34
06
57
22
44
35
66
93
51
17
45
75
25
18
57
13
42
52
49
14
86
20
51
17
14
05
10
10
88
87
50
50
45
30
72
66
04
49
28
06
62
69
67
79
66
13
