45
13
30
58
57
20
14
63
54
39
90
98
67
48
17
98
60
34
54
6
79
84
90
17
67
98
28
30
63
71
14
70
14
30
79
98
68
26
57
28
54
28
53
80
14
100
33
4
2
86
93
38
29
9
53
42
30
97
82
60
58
41
11
14
20
5
51
96
0
53
81
85
74
35
8
47
92
93
78
71
6
25
95
31
32
68
34
53
72
50
81
13
53
33
82
44
29
26
42
99
74
61
2
15
71
66
41
95
35
46
60
83
28
59
47
57
66
50
40
84
38
47
83
14
27
84
9
79
84
72
91
51
50
11
5
0
32
29
22
62
35
93
53
10
42
22
97
44
95
38
95
60
1
82
6
93
0
38
92
79
10
17
28
10
64
72
71
41
65
70
22
72
79
11
5
54
78
20
51
60
66
92
0
28
83
84
95
69
65
53
46
29
17
15
46
7
33
95
97
93
83
25
83
78
8
34
74
77
44
11
90
61
96
85
43
36
19
29
1
30
63
23
93
32
68
98
7
5
29
97
92
48
8
50
15
77
37
51
86
70
38
90
55
77
5
49
29
67
50
39
25
35
15
2
95
23
98
19
9
74
12
10
82
64
86
62
67
86
25
82
53
99
11
18
41
87
34
10
70
29
18
3
38
3
59
81
44
99
44
54
67
94
31
79
0
100
58
83
5
92
41
14
28
86
88
94
34
57
87
53
28
63
94
77
56
79
72
52
42
26
96
44
64
70
66
46
89
64
63
80
78
71
13
78
29
72
67
85
75
20
52
82
80
41
36
75
9
37
8
19
78
4
7
49
36
55
53
93
46
48
0
57
80
36
41
83
48
44
21
17
88
78
80
81
2
11
20
46
87
1
84
2
47
7
77
27
61
37
21
72
56
27
38
55
72
92
54
26
64
51
9
62
92
94
75
100
14
38
65
70
74
36
39
64
6
79
14
56
31
0
31
19
30
54
96
59
41
21
39
1
1
74
74
90
3
34
49
73
44
18
58
33
38
47
23
37
14
69
82
33
6
71
64
97
99
47
37
55
3
74
77
3
100
95
36
46
1
57
8
30
4
68
51
34
12
33
16
99
64
63
19
97
25
13
83
48
6
7
70
31
58
91
83
37
14
83
67
16
42
38
85
43
80
73
84
67
13
34
8
19
92
89
39
94
86
18
47
49
35
36
51
49
40
95
52
61
45
40
85
17
35
31
57
27
40
16
14
57
28
3
22
49
39
38
83
91
16
21
23
41
97
33
39
36
68
54
81
25
89
10
44
74
14
48
51
82
71
75
42
21
46
44
50
51
1
39
1
79
27
59
50
21
74
79
17
47
55
70
30
87
14
68
98
88
20
15
70
81
69
15
3
42
16
32
40
76
60
46
4
9
11
33
43
86
76
55
24
7
41
47
81
44
6
76
68
34
21
87
92
9
76
97
60
98
49
6
29
78
94
10
36
61
90
84
77
33
81
46
98
99
60
19
53
89
92
25
48
68
45
53
43
84
22
43
99
11
46
77
89
4
46
69
11
10
77
24
45
76
40
54
87
24
30
50
69
43
62
40
77
75
11
23
64
4
35
21
48
15
79
35
58
66
81
78
15
26
98
63
59
91
87
92
12
80
80
65
49
76
92
71
22
88
15
91
86
38
61
18
47
73
89
18
49
75
10
67
71
72
41
50
68
8
69
52
63
44
21
91
95
73
46
39
60
84
37
8
100
69
14
91
96
48
33
66
7
99
84
44
58
91
13
5
8
68
79
90
2
71
68
20
87
91
77
17
31
50
74
58
5
36
49
85
19
68
2
6
50
83
57
75
2
44
92
85
8
86
51
51
84
99
34
20
89
26
23
97
100
21
31
41
17
39
10
95
25
24
67
39
87
24
82
53
29
96
66
80
31
17
49
12
75
0
37
69
54
4
25
100
11
35
36
13
85
44
87
19
26
48
25
98
83
45
40
19
71
4
32
24
95
0
59
67
20
78
55
100
7
83
73
74
64
8
8
45
32
40
42
63
36
82
35
21
16
46
4
55
75
77
96
85
71
63
2
16
84
2
51
37
33
71
5
89
9
6
92
40
20
75
35
66
92
17
0
10
67
98
6
35
10
92
95
35
58
76
22
86
94
35
87
50
33
38
47
3
95
69
65
59
23
37
37
46
77
17
100
42
98
49
70
29
65
77
0
93
1
66
26
4
66
78
39
88
28
68
60
82
7
27
28
72
88
84
93
33
18
21
52
50
12
3
7
72
75
2
43
5
54
11
26
11
1
92
65
33
29
63
27
79
57
39
93
34
56
15
10
20
70
65
51
95
31
6
57
38
46
22
37
68
52
34
81
60
61
67
9
45
51
2
27
70
61
19
12
43
58
25
40
72
12
35
68
87
7
4
20
15
10
54
7
85
23
36
63
11
41
62
60
13
28
15
68
48
38
25
94
32
2
77
1
82
34
21
96
22
35
25
29
35
4
60
80
59
22
32
87
98
35
95
44
38
41
70
45
73
67
64
67
62
10
67
38
22
67
43
52
53
95
81
83
15
17
91
36
44
25
0
78
76
59
37
73
20
75
16
32
15
16
26
50
9
76
37
30
74
98
41
68
73
19
32
87
61
95
87
70
36
52
50
26
76
23
64
59
9
63
74
87
91
20
5
66
12
4
95
83
82
70
39
61
43
40
46
95
30
43
62
8
72
14
87
10
13
51
28
89
99
23
45
25
16
43
80
17
98
73
44
21
96
98
48
63
66
47
8
10
39
27
64
61
30
56
56
85
64
95
76
22
73
76
68
50
59
100
42
25
43
41
8
54
63
65
24
2
30
30
65
67
94
98
51
42
80
95
12
58
98
33
34
58
12
31
98
42
9
60
31
13
74
22
15
45
76
10
13
100
64
31
19
96
23
77
60
19
24
10
47
6
42
46
14
93
73
51
95
39
48
42
75
23
52
87
45
56
44
18
88
26
43
88
27
79
84
20
33
59
85
42
25
90
76
91
98
35
22
79
71
16
29
65
99
91
26
41
79
57
73
74
87
37
24
78
72
47
79
54
58
47
3
67
26
78
50
56
49
23
63
52
46
77
31
9
17
2
91
44
30
50
14
91
26
70
73
88
47
38
71
56
22
32
64
13
58
0
0
61
62
68
34
42
98
57
26
81
92
15
32
75
97
54
57
61
16
52
16
94
54
62
38
61
11
38
70
95
34
3
66
24
63
50
74
43
47
66
75
14
28
36
4
64
43
76
8
19
39
35
95
89
94
25
71
32
40
7
50
12
3
15
21
41
7
58
22
95
47
75
77
41
21
86
46
62
16
99
64
56
69
42
29
22
15
5
70
51
100
83
41
7
2
73
47
41
9
42
16
82
69
81
84
36
33
56
49
4
53
35
62
80
60
46
94
63
66
2
8
17
22
6
42
20
23
12
64
14
90
38
3
0
16
6
34
98
11
58
99
93
15
59
94
40
2
86
3
97
20
84
58
99
99
5
9
25
43
19
53
48
27
80
99
41
94
54
78
65
82
29
78
18
2
98
66
46
79
81
37
50
45
74
17
20
66
21
14
79
4
51
77
41
64
9
71
31
77
56
24
1
86
58
27
58
68
81
13
24
63
59
17
89
12
99
74
74
56
90
60
13
51
7
66
88
43
50
5
26
82
47
87
97
14
37
15
31
95
0
43
38
14
44
47
32
53
10
61
94
15
38
11
0
50
49
24
6
2
35
87
6
12
100
47
55
27
44
95
61
5
45
11
48
78
50
43
18
51
0
84
99
48
94
52
66
72
68
39
12
2
7
38
42
54
84
76
100
67
4
92
11
61
67
81
95
53
45
60
7
48
96
44
54
0
49
36
72
55
21
80
24
72
100
67
66
57
16
50
41
56
13
1
79
32
92
6
58
67
56
46
83
89
34
33
3
100
97
16
25
60
70
99
55
25
25
77
91
67
43
90
23
27
56
99
35
59
64
92
43
11
64
47
47
42
33
18
29
68
94
2
9
11
73
79
2
99
83
52
56
78
5
55
31
66
42
58
24
40
97
57
68
89
15
20
83
100
71
1
1
26
97
46
13
28
47
0
21
53
68
36
27
20
73
65
80
19
2
37
40
27
65
31
54
22
66
58
17
43
79
41
1
37
21
35
85
36
26
16
64
30
32
84
87
93
66
78
26
54
41
81
27
5
67
60
76
70
90
47
3
98
68
8
59
4
74
89
78
18
79
60
37
83
57
44
76
81
67
22
39
11
11
32
65
4
57
74
90
76
27
89
22
51
22
37
36
14
77
37
62
93
62
56
59
84
61
20
1
14
68
33
16
41
17
40
7
16
81
34
12
93
74
39
54
21
55
15
22
99
0
19
25
73
66
53
97
38
100
81
26
68
29
26
59
46
39
92
97
94
92
12
82
62
99
81
41
58
9
70
40
0
17
45
1
31
93
49
8
56
33
60
82
8
46
47
70
86
76
12
79
93
28
38
7
14
1
85
98
32
80
83
70
42
62
5
60
91
99
25
29
85
38
41
39
33
64
99
32
71
24
68
56
66
71
53
26
25
42
34
24
56
12
16
41
86
85
77
56
33
94
19
97
28
8
84
72
88
56
73
81
84
34
48
70
94
64
72
22
76
35
8
84
85
2
21
21
89
12
41
70
39
48
53
21
79
87
21
32
97
29
25
61
49
33
6
59
10
51
0
45
56
17
90
10
88
91
97
28
73
30
70
17
100
88
33
27
18
84
19
29
57
84
53
4
34
1
100
43
21
71
44
67
27
53
100
18
6
62
98
44
6
75
58
6
33
88
62
73
73
36
3
87
69
73
21
95
71
71
21
57
88
7
65
100
65
100
30
4
73
16
94
19
97
45
81
99
41
97
35
74
70
17
100
66
59
15
22
54
29
51
8
1
43
58
27
13
59
26
60
47
84
94
73
45
43
59
6
92
100
26
39
5
12
13
89
98
79
70
85
83
88
43
61
79
99
28
98
29
22
83
8
80
4
19
33
81
23
99
2
32
90
70
6
47
61
21
17
87
65
2
81
89
59
78
85
20
50
11
67
64
9
54
6
81
96
32
22
53
43
31
22
50
0
50
71
63
23
57
28
25
41
44
83
65
68
48
65
22
47
25
18
91
18
77
99
77
99
96
54
8
85
49
20
97
68
95
44
63
1
3
100
8
39
12
19
28
56
22
43
42
92
4
24
83
81
92
39
59
46
93
55
68
57
55
87
30
18
12
0
3
61
3
47
25
2
52
86
40
11
95
50
76
97
10
29
7
12
35
43
84
2
72
39
39
36
71
9
72
19
36
37
96
32
72
4
85
47
41
41
19
18
79
3
23
16
70
41
76
32
0
1
22
18
49
89
27
11
15
46
51
28
16
85
20
76
9
21
23
94
55
2
36
64
39
45
66
88
93
30
27
18
31
88
18
26
87
66
44
65
46
3
12
57
27
97
91
35
33
17
42
99
18
66
1
70
31
0
42
62
57
23
46
71
93
57
32
16
64
50
34
70
1
20
11
96
58
40
15
87
51
51
90
19
22
3
36
80
18
33
25
71
67
47
87
67
68
5
63
41
18
55
52
70
74
51
49
83
71
50
40
49
79
69
50
80
67
74
31
1
86
40
68
11
19
94
87
34
34
96
90
44
59
31
8
81
84
70
51
73
59
76
0
59
3
54
35
69
56
33
27
78
43
68
89
41
66
31
54
73
71
23
23
54
9
44
0
57
14
61
53
84
64
22
77
99
28
6
82
75
94
25
19
76
19
64
84
94
94
90
16
0
71
71
71
61
52
78
97
94
49
61
40
75
60
90
94
92
85
60
97
51
100
49
7
30
77
60
49
60
64
3
10
16
52
94
19
93
75
44
76
59
44
39
83
67
29
73
97
56
38
100
61
83
27
86
43
89
92
80
68
27
33
2
62
15
80
88
66
42
50
23
44
22
59
44
30
61
6
56
100
19
54
49
22
90
23
90
57
66
45
52
100
65
8
69
40
24
50
100
25
65
17
65
5
19
89
26
31
6
51
68
40
59
93
93
9
90
100
31
41
62
86
14
39
44
4
95
40
54
82
47
93
87
32
28
22
75
33
69
55
26
84
70
54
76
69
28
4
5
14
64
25
72
68
85
7
17
80
49
35
5
74
82
76
20
13
91
87
65
59
15
26
94
54
99
34
19
63
63
74
98
96
87
65
81
30
60
19
36
71
79
92
64
40
94
59
25
30
6
41
4
96
83
33
67
28
48
60
85
6
97
47
67
7
61
87
86
13
85
75
22
2
8
24
43
69
27
92
69
49
89
69
37
64
100
23
38
95
67
47
91
49
25
61
21
52
19
59
71
22
76
62
40
37
58
76
80
26
74
19
13
58
2
3
20
4
93
21
88
42
29
47
34
100
27
51
52
63
30
43
44
53
87
91
27
90
7
36
20
32
41
33
54
84
71
20
80
69
44
90
65
54
58
87
58
85
65
45
29
24
58
68
25
74
57
31
65
89
90
60
84
66
30
92
90
44
38
98
22
48
85
27
18
85
55
52
90
41
83
62
81
79
40
61
92
63
71
81
96
3
39
13
57
73
56
10
52
41
9
66
56
22
56
85
63
12
8
41
29
1
68
19
21
67
0
97
22
9
9
45
55
80
78
96
63
86
15
33
20
79
44
64
96
61
61
53
76
43
83
66
15
40
56
42
66
88
38
64
48
61
29
7
82
48
40
18
54
4
56
89
69
23
92
75
84
32
31
94
5
91
24
89
2
14
32
89
59
90
89
30
44
35
41
43
41
94
9
