72
1
26
95
44
20
83
14
24
85
5
36
3
32
9
75
84
0
4
52
6
88
32
86
47
94
30
7
61
14
4
86
9
42
17
47
80
26
81
56
16
30
67
85
13
62
29
18
35
58
86
0
34
22
36
10
56
14
85
50
79
82
56
49
89
34
52
40
38
81
44
86
4
12
19
95
17
17
13
34
92
93
75
79
31
68
15
83
11
93
7
37
10
70
88
43
97
94
12
42
62
13
57
59
22
25
9
52
84
47
78
86
9
34
67
53
52
88
46
74
45
98
66
16
74
75
88
27
20
88
69
18
92
55
94
4
54
90
13
34
34
52
70
36
98
83
90
15
16
53
56
2
72
80
96
84
76
32
44
30
12
33
11
62
72
51
9
17
97
3
42
95
71
27
88
57
38
77
48
63
61
12
5
8
68
36
50
23
86
42
61
44
77
17
21
88
94
79
10
62
26
76
54
86
68
72
48
20
34
36
32
23
18
47
37
40
68
3
19
83
61
88
10
72
68
76
72
75
23
6
91
30
94
28
99
68
79
47
14
31
57
20
27
34
10
74
81
81
25
75
25
75
38
82
19
47
81
98
52
51
69
21
10
97
29
25
82
35
74
22
11
87
56
76
41
72
47
67
20
12
62
81
6
79
15
45
96
57
23
18
53
72
57
50
10
89
62
98
66
73
87
74
70
87
98
58
70
41
72
16
14
73
84
13
31
59
78
44
18
21
46
10
67
22
15
45
44
4
74
22
29
20
39
81
96
21
20
21
85
53
53
21
36
16
95
3
76
31
89
67
72
68
72
1
77
33
24
60
31
47
0
39
69
70
35
38
71
98
69
36
71
69
38
29
17
0
65
83
96
96
65
11
78
46
98
90
88
10
78
46
35
53
4
7
67
74
21
6
25
1
58
53
24
92
2
65
45
33
21
17
93
32
59
88
73
66
58
42
56
84
27
36
20
87
87
23
30
84
79
16
50
52
47
94
44
61
51
55
32
57
57
72
49
85
37
25
96
1
88
86
1
15
5
48
58
81
77
11
16
1
15
80
68
88
39
88
99
94
80
98
95
18
85
30
21
86
77
62
67
31
59
76
78
23
1
26
34
34
29
31
23
67
7
15
69
44
22
15
88
91
69
3
65
37
22
61
68
59
14
43
6
95
24
77
33
76
32
5
51
79
56
15
64
40
74
29
20
5
13
23
16
82
2
4
6
25
36
95
52
52
3
62
86
30
14
1
56
50
16
57
30
32
53
55
7
39
15
12
61
19
32
96
15
36
71
85
51
35
90
70
87
18
90
0
86
67
14
12
71
98
39
18
5
16
21
75
0
16
32
95
85
13
50
70
77
14
88
69
15
15
12
23
82
51
82
67
22
79
80
50
88
83
8
93
22
36
76
74
62
83
0
63
71
36
72
89
49
75
97
88
66
92
92
86
13
1
26
30
39
74
78
6
25
85
94
30
77
52
97
34
58
80
74
82
83
4
65
32
29
47
91
42
12
19
51
47
23
75
60
10
72
84
43
70
92
8
59
96
44
71
80
37
40
99
12
31
61
0
97
77
11
34
32
9
82
36
15
22
90
5
7
50
17
64
21
44
58
72
82
55
81
30
74
29
24
89
21
55
18
57
66
22
59
80
57
86
79
62
88
19
48
79
27
6
18
31
0
58
74
5
66
0
47
45
58
20
30
77
69
13
41
35
77
49
59
1
18
35
87
90
81
74
22
25
96
63
84
56
45
10
79
99
37
94
38
15
66
39
5
62
20
2
47
61
73
52
97
46
79
55
98
55
95
82
31
12
66
76
50
52
88
65
0
43
34
53
55
77
55
74
30
31
38
85
90
96
55
52
87
70
17
7
29
35
66
5
93
94
96
22
64
23
24
67
54
64
33
2
93
67
11
57
69
45
67
18
24
40
26
81
59
20
70
78
63
92
4
57
14
33
8
44
55
41
90
16
89
78
21
13
44
92
94
60
42
41
71
66
12
72
36
87
45
10
39
80
49
6
48
24
63
12
61
98
81
49
33
56
20
65
44
20
81
49
95
11
28
80
10
40
3
93
33
30
31
0
1
54
9
66
16
28
24
19
71
37
33
88
49
31
1
5
13
13
55
17
99
73
72
68
64
85
39
71
18
38
11
84
94
4
53
76
12
2
69
90
74
17
20
93
36
1
14
35
72
68
26
78
37
12
54
7
5
96
46
61
19
3
98
80
52
20
52
92
1
14
69
98
39
60
4
77
43
22
68
53
41
92
6
65
